0.1366013725764821 0.1284379439364533 0.29474779407351087 0.2369435162768363 0.20326937313671742 
0.14466849870601103 0.15083695739174516 0.30657453109575517 0.21896214081801446 0.17895787198847415 
0.15564012549218584 0.15769310438665202 0.30439050523137656 0.21562208273302824 0.16665418215675742 
0.14786920839555925 0.20137322131325014 0.3056830663367667 0.18878340553640063 0.15629109841802316 
0.15416814225193462 0.22472067989934122 0.28608999578902755 0.1766831389850236 0.15833804307467297 
0.15262961535868877 0.23936199426773627 0.2756160633535306 0.1651548513056482 0.16723747571439612 
0.14707296684031776 0.2426513967440017 0.2899844165570039 0.15914220783765118 0.16114901202102544 
0.13986751013034546 0.25654879438196115 0.2757773858228196 0.1745523735025752 0.15325393616229874 
0.13931950523354264 0.2655767287862793 0.2857906008084714 0.17133496884595023 0.13797819632575642 
0.13057989121959132 0.2680037199288436 0.2975586083132069 0.17453505694204394 0.12932272359631422 
0.1243732858081868 0.265893280521326 0.3203183466232367 0.16623921430671357 0.12317587274053686 
0.10715062541181772 0.2512780954651654 0.30745215323791586 0.14321914601826052 0.1908999798668405 
0.10420306405675257 0.2443657923337475 0.31033673794470173 0.13927939094463032 0.2018150147201679 
0.10269318715748652 0.2553147470960479 0.305840034552553 0.1372612666520797 0.19889076454183283 
0.10427710110452151 0.2538967545532478 0.2764671905614797 0.16842434731582354 0.19693460646492747 
0.10181459593271573 0.2715159929205677 0.2699384140671096 0.1644470040455354 0.19228399303407148 
0.10021072705002683 0.2829916838054322 0.2656861178359215 0.1618564969554287 0.1892549743531908 
0.10021072705002682 0.2829916838054322 0.2656861178359215 0.16185649695542867 0.18925497435319077 
0.09775509300406522 0.300561759228655 0.25917555858040836 0.15789025166229342 0.18461733752457785 
0.11411606435099218 0.31671961707856733 0.26360436406226145 0.14085801202172202 0.16470194248645714 
0.10698059927851224 0.3213832614499009 0.2851822799073447 0.13205042274254247 0.15440343662169978 
0.10698059927851221 0.32138326144990087 0.2851822799073446 0.13205042274254242 0.15440343662169975 
0.10510453684058484 0.33328380586196005 0.2801811884299657 0.12973472401127278 0.15169574485621667 
0.1023135302752217 0.324433595221664 0.2992956728219284 0.12628967323273002 0.1476675284484558 
0.09978983791238759 0.34109729328525534 0.2919131672852885 0.12317457904152271 0.14402512247554597 
0.09978983791238757 0.3410972932852553 0.2919131672852885 0.12317457904152271 0.14402512247554597 
0.09675672476981496 0.3307296375719772 0.31343547379785364 0.11943068645348479 0.13964747740686928 
0.16396818594588256 0.3096058935675285 0.30982645273200765 0.09984872030099981 0.11675074745358151 
0.16396818594588256 0.3096058935675285 0.30982645273200765 0.09984872030099982 0.11675074745358152 
0.15073510703689247 0.2846190999609949 0.365527020248863 0.09179041321488675 0.10732835953836281 
0.14469495379657674 0.2732140397021105 0.3909511838685473 0.08811225108856723 0.10302757154419803 
0.14469495379657674 0.2732140397021105 0.3909511838685474 0.08811225108856723 0.10302757154419803 
0.14012604274513019 0.26458698939626313 0.41018260689941255 0.08533000452637983 0.09977435643281435 
0.19747224175119735 0.2130949709894073 0.4534316727795119 0.06269423180537304 0.07330688267451049 
0.1974722417511973 0.21309497098940725 0.45343167277951185 0.06269423180537302 0.07330688267451049 
0.19238929778135822 0.2076098972991093 0.4675003649577816 0.0610804795905158 0.07141996037123519 
0.18049394240530534 0.19477345818093486 0.5004246100664894 0.05730389731880001 0.06700409202847037 
0.18531488555429862 0.1844971857773311 0.3899391142951894 0.1933291481651888 0.04691966620799204 
0.1691031765227549 0.16835701072331813 0.40800549685946996 0.21171927395421297 0.04281504194024401 
0.16910317652275492 0.16835701072331813 0.40800549685947 0.21171927395421297 0.04281504194024401 
0.16910317652275492 0.16835701072331813 0.40800549685946996 0.21171927395421297 0.04281504194024402 
0.16910317652275492 0.1683570107233181 0.40800549685946996 0.21171927395421294 0.04281504194024402 
0.16910317652275492 0.16835701072331813 0.40800549685947 0.211719273954213 0.04281504194024403 
0.16910317652275492 0.16835701072331813 0.40800549685947 0.211719273954213 0.04281504194024403 
0.25218738825138204 0.1515224181124126 0.36720763347897023 0.19054874051706744 0.0385338196401678 
0.252187388251382 0.15152241811241257 0.3672076334789701 0.1905487405170674 0.03853381964016779 
0.252187388251382 0.1515224181124126 0.36720763347897023 0.19054874051706744 0.0385338196401678 
0.252187388251382 0.1515224181124126 0.3672076334789702 0.19054874051706744 0.03853381964016779 
0.25218738825138204 0.15152241811241263 0.3672076334789702 0.19054874051706744 0.03853381964016779 
0.1857344794756816 0.2695710697518308 0.37597653683244564 0.140337989857787 0.028379924082254895 
0.1857344794756816 0.26957106975183076 0.37597653683244564 0.140337989857787 0.028379924082254895 
0.2742051374344676 0.24028193825054678 0.33512635866302776 0.12509014503766358 0.025296420614294293 
0.22839270693815278 0.20013717765774505 0.2791356024088629 0.27126445561410967 0.021070057381129607 
0.22839270693815275 0.20013717765774502 0.27913560240886287 0.2712644556141096 0.021070057381129603 
0.22839270693815275 0.20013717765774502 0.2791356024088629 0.27126445561410967 0.021070057381129603 
0.22839270693815278 0.20013717765774505 0.2791356024088629 0.27126445561410967 0.021070057381129603 
0.22839270693815278 0.20013717765774505 0.279135602408863 0.27126445561410967 0.021070057381129603 
0.22839270693815278 0.20013717765774505 0.279135602408863 0.27126445561410967 0.021070057381129607 
0.1542880883944748 0.45966179265779117 0.18856687271615008 0.18324960926796283 0.014233636963621133 
0.13331559600045972 0.3971796299020558 0.1629348401661617 0.2942710856222573 0.01229884830906544 
0.13331559600045972 0.3971796299020558 0.1629348401661617 0.2942710856222573 0.01229884830906544 
0.13331559600045972 0.39717962990205585 0.16293484016616172 0.2942710856222573 0.01229884830906544 
0.1333155960004597 0.3971796299020558 0.1629348401661617 0.29427108562225723 0.012298848309065436 
0.13331559600045972 0.39717962990205585 0.16293484016616172 0.2942710856222573 0.012298848309065438 
0.13331559600045972 0.39717962990205585 0.1629348401661617 0.2942710856222573 0.012298848309065438 
0.13331559600045972 0.39717962990205585 0.1629348401661617 0.2942710856222573 0.012298848309065438 
0.11061206405016495 0.32954027870824293 0.135187176273065 0.41445611600509896 0.01020436496342797 
0.06633515195113893 0.3622338408199935 0.31675790466461823 0.24855344368050517 0.006119658883744184 
0.06633515195113894 0.3622338408199935 0.31675790466461823 0.24855344368050517 0.006119658883744184 
0.06633515195113894 0.3622338408199935 0.31675790466461823 0.24855344368050517 0.006119658883744184 
0.06633515195113894 0.3622338408199935 0.31675790466461823 0.24855344368050514 0.006119658883744184 
0.06633515195113894 0.3622338408199935 0.31675790466461823 0.24855344368050514 0.006119658883744184 
0.06633515195113894 0.36223384081999355 0.3167579046646183 0.24855344368050517 0.006119658883744185 
0.06633515195113893 0.36223384081999344 0.3167579046646182 0.2485534436805051 0.006119658883744185 
0.0489240197069356 0.529629717843685 0.23361776545796145 0.183315078343511 0.004513418647907138 
0.04892401970693559 0.529629717843685 0.23361776545796142 0.183315078343511 0.004513418647907137 
0.04892401970693559 0.529629717843685 0.2336177654579614 0.183315078343511 0.004513418647907137 
0.043520777839359655 0.5815781149098855 0.20781667023125322 0.1630694870736831 0.004014949945818608 
0.04352077783935965 0.5815781149098855 0.20781667023125325 0.1630694870736831 0.004014949945818608 
0.04352077783935965 0.5815781149098855 0.20781667023125322 0.16306948707368307 0.004014949945818607 
0.0379614276912528 0.6350273840712268 0.18127014018775 0.14223896836234454 0.003502079687425801 
0.0260968019707786 0.5357800019371134 0.3379326737307751 0.09778299752238442 0.002407524838948469 
0.022194797011923766 0.45566994758046087 0.43692526267293663 0.0831624420362652 0.0020475506984134694 
0.022194797011923766 0.45566994758046087 0.4369252626729367 0.08316244203626522 0.0020475506984134694 
0.019152665405679864 0.530278589227612 0.3770380670193932 0.07176377534717433 0.0017669030001405807 
0.01633721879815978 0.45232750391085674 0.4686136270615099 0.06121448241251486 0.0015071678169588396 
0.014431445890830515 0.3995624945880777 0.5306010292859451 0.054073676896027864 0.0013313533391186893 
0.014431445890830516 0.39956249458807774 0.5306010292859452 0.054073676896027864 0.0013313533391186895 
0.014431445890830516 0.3995624945880778 0.5306010292859452 0.054073676896027864 0.0013313533391186897 
0.007693661428178441 0.21301389867749 0.3532143965090375 0.42536827515347997 7.097682318139891E-4 
0.00769366142817844 0.21301389867749 0.3532143965090375 0.42536827515347997 7.09768231813989E-4 
0.006827146278083787 0.1890227506255703 0.4260600148820216 0.3774602591547321 6.298290595922747E-4 
0.006827146278083787 0.18902275062557033 0.4260600148820216 0.3774602591547321 6.298290595922747E-4 
0.0061071897708484014 0.16908936209319406 0.48658483890325915 0.33765519877781003 5.634104548884257E-4 
0.0061071897708484014 0.16908936209319406 0.4865848389032591 0.33765519877781 5.634104548884257E-4 
0.0061071897708484014 0.16908936209319406 0.48658483890325904 0.33765519877781 5.634104548884257E-4 
0.0061071897708484014 0.16908936209319403 0.48658483890325904 0.33765519877781 5.634104548884257E-4 
0.0061071897708484014 0.16908936209319406 0.48658483890325904 0.33765519877781 5.634104548884257E-4 
0.003848764777204339 0.4763582406682207 0.3066468636739859 0.21279106834032968 3.5506254025933294E-4 
0.003848764777204339 0.47635824066822063 0.30664686367398597 0.21279106834032968 3.5506254025933294E-4 
0.0038487647772043384 0.4763582406682206 0.30664686367398597 0.21279106834032968 3.550625402593329E-4 
0.003848764777204339 0.47635824066822063 0.30664686367398597 0.21279106834032968 3.5506254025933294E-4 
0.0038487647772043393 0.4763582406682207 0.306646863673986 0.2127910683403297 3.5506254025933294E-4 
0.003848764777204339 0.47635824066822063 0.306646863673986 0.2127910683403297 3.5506254025933294E-4 
0.0038487647772043397 0.47635824066822063 0.3066468636739861 0.21279106834032974 3.55062540259333E-4 
0.002919362334988875 0.36132691558732166 0.4740782697281721 0.16140613056276176 2.693217867555679E-4 
0.0029193623349888747 0.3613269155873216 0.474078269728172 0.16140613056276173 2.6932178675556786E-4 
0.002919362334988875 0.3613269155873216 0.47407826972817213 0.16140613056276176 2.693217867555679E-4 
0.002919362334988875 0.3613269155873216 0.47407826972817213 0.16140613056276173 2.693217867555679E-4 
0.0029193623349888756 0.36132691558732166 0.47407826972817213 0.16140613056276173 2.693217867555679E-4 
0.0029193623349888756 0.3613269155873216 0.47407826972817213 0.16140613056276173 2.693217867555679E-4 
0.0020253573843352604 0.5569096606515188 0.3288998809222822 0.11197825446135187 1.8684658051184813E-4 
0.0020253573843352604 0.5569096606515188 0.3288998809222822 0.11197825446135187 1.8684658051184813E-4 
0.0020253573843352604 0.5569096606515187 0.32889988092228223 0.11197825446135186 1.8684658051184813E-4 
0.0020253573843352604 0.5569096606515187 0.32889988092228223 0.11197825446135186 1.868465805118481E-4 
0.002025357384335261 0.5569096606515188 0.32889988092228223 0.11197825446135186 1.8684658051184813E-4 
0.002025357384335261 0.5569096606515188 0.32889988092228223 0.11197825446135187 1.8684658051184813E-4 
0.0020253573843352604 0.5569096606515187 0.32889988092228223 0.11197825446135187 1.8684658051184813E-4 
0.002025357384335261 0.5569096606515188 0.3288998809222823 0.11197825446135189 1.8684658051184815E-4 
0.002025357384335261 0.5569096606515187 0.3288998809222823 0.11197825446135189 1.8684658051184815E-4 
0.0020253573843352604 0.5569096606515187 0.32889988092228223 0.11197825446135187 1.8684658051184813E-4 
0.0020253573843352604 0.5569096606515187 0.3288998809222822 0.11197825446135187 1.868465805118481E-4 
0.002025357384335261 0.5569096606515188 0.32889988092228223 0.11197825446135189 1.8684658051184815E-4 
0.0020253573843352604 0.5569096606515187 0.3288998809222822 0.11197825446135186 1.868465805118481E-4 
0.00202535738433526 0.5569096606515188 0.32889988092228223 0.11197825446135186 1.8684658051184813E-4 
0.00202535738433526 0.5569096606515188 0.3288998809222823 0.11197825446135186 1.8684658051184813E-4 
0.00202535738433526 0.5569096606515187 0.32889988092228223 0.11197825446135184 1.8684658051184813E-4 
0.00202535738433526 0.5569096606515187 0.32889988092228223 0.11197825446135186 1.868465805118481E-4 
0.0020253573843352604 0.5569096606515188 0.3288998809222823 0.11197825446135189 1.8684658051184813E-4 
0.0020253573843352596 0.5569096606515187 0.3288998809222822 0.11197825446135184 1.8684658051184807E-4 
0.0020253573843352596 0.5569096606515188 0.3288998809222822 0.11197825446135184 1.8684658051184807E-4 
0.0020253573843352596 0.5569096606515187 0.3288998809222822 0.11197825446135183 1.8684658051184807E-4 
0.00202535738433526 0.5569096606515188 0.32889988092228223 0.11197825446135187 1.868465805118481E-4 
0.0020253573843352596 0.5569096606515188 0.3288998809222822 0.11197825446135186 1.868465805118481E-4 
0.00202535738433526 0.5569096606515189 0.32889988092228223 0.11197825446135187 1.8684658051184813E-4 
0.00202535738433526 0.5569096606515189 0.32889988092228223 0.11197825446135187 1.868465805118481E-4 
0.00202535738433526 0.5569096606515188 0.32889988092228223 0.11197825446135187 1.868465805118481E-4 
0.0020253573843352604 0.5569096606515189 0.3288998809222823 0.11197825446135189 1.8684658051184813E-4 
0.00202535738433526 0.5569096606515188 0.3288998809222823 0.11197825446135187 1.868465805118481E-4 
0.0020253573843352596 0.5569096606515187 0.3288998809222822 0.11197825446135186 1.8684658051184807E-4 
0.00202535738433526 0.5569096606515188 0.32889988092228223 0.11197825446135186 1.8684658051184807E-4 
0.0020253573843352596 0.5569096606515188 0.32889988092228223 0.11197825446135187 1.868465805118481E-4 
0.0020253573843352596 0.5569096606515187 0.3288998809222822 0.11197825446135184 1.8684658051184807E-4 
0.0020253573843352596 0.5569096606515188 0.32889988092228223 0.11197825446135186 1.868465805118481E-4 
0.002025357384335259 0.5569096606515188 0.32889988092228223 0.11197825446135186 1.8684658051184807E-4 
1.371904182116597E-4 0.03772305561567417 0.9545420938002087 0.007585003851163074 1.2656314742324922E-5 
1.1366180991516824E-4 0.031253427409143004 0.962338274341793 0.006284150724044115 1.0485715104747863E-5 
1.1366180991516824E-4 0.031253427409143004 0.962338274341793 0.006284150724044115 1.0485715104747863E-5 
1.1366180991516822E-4 0.031253427409143 0.962338274341793 0.006284150724044114 1.0485715104747861E-5 
1.1366180991516821E-4 0.031253427409143 0.9623382743417929 0.006284150724044113 1.0485715104747861E-5 
1.1366180991516821E-4 0.031253427409143 0.9623382743417929 0.006284150724044113 1.0485715104747861E-5 
1.1366180991516821E-4 0.031253427409143 0.962338274341793 0.006284150724044114 1.0485715104747861E-5 
1.1366180991516822E-4 0.031253427409143 0.962338274341793 0.006284150724044114 1.0485715104747861E-5 
1.1366180991516822E-4 0.031253427409143 0.9623382743417931 0.006284150724044115 1.0485715104747861E-5 
1.1366180991516821E-4 0.03125342740914299 0.9623382743417929 0.006284150724044115 1.0485715104747861E-5 
1.1366180991516824E-4 0.031253427409143 0.962338274341793 0.006284150724044116 1.0485715104747863E-5 
1.1366180991516824E-4 0.031253427409143 0.9623382743417931 0.006284150724044115 1.0485715104747863E-5 
1.1366180991516822E-4 0.03125342740914299 0.9623382743417931 0.006284150724044115 1.0485715104747863E-5 
1.1366180991516821E-4 0.03125342740914299 0.962338274341793 0.006284150724044114 1.0485715104747861E-5 
1.1366180991516822E-4 0.03125342740914299 0.962338274341793 0.006284150724044114 1.0485715104747861E-5 
1.1366180991516824E-4 0.03125342740914299 0.962338274341793 0.006284150724044114 1.0485715104747863E-5 
1.1366180991516825E-4 0.03125342740914299 0.9623382743417931 0.006284150724044115 1.0485715104747863E-5 
1.1366180991516822E-4 0.031253427409142984 0.962338274341793 0.006284150724044113 1.0485715104747863E-5 
1.1366180991516821E-4 0.03125342740914298 0.9623382743417929 0.0062841507240441125 1.048571510474786E-5 
1.1366180991516821E-4 0.03125342740914298 0.962338274341793 0.0062841507240441125 1.0485715104747861E-5 
1.1366180991516821E-4 0.03125342740914298 0.9623382743417929 0.0062841507240441125 1.048571510474786E-5 
1.1366180991516822E-4 0.03125342740914298 0.962338274341793 0.006284150724044113 1.048571510474786E-5 
1.1366180991516822E-4 0.03125342740914298 0.962338274341793 0.006284150724044114 1.0485715104747861E-5 
1.1366180991516822E-4 0.03125342740914298 0.9623382743417929 0.006284150724044113 1.048571510474786E-5 
1.1366180991516825E-4 0.03125342740914299 0.9623382743417932 0.006284150724044116 1.0485715104747865E-5 
1.1366180991516821E-4 0.03125342740914298 0.9623382743417929 0.006284150724044113 1.048571510474786E-5 
1.1366180991516822E-4 0.031253427409142984 0.962338274341793 0.006284150724044114 1.048571510474786E-5 
1.1366180991516822E-4 0.031253427409142984 0.9623382743417931 0.006284150724044114 1.0485715104747861E-5 
1.1366180991516824E-4 0.031253427409142984 0.9623382743417931 0.006284150724044115 1.0485715104747861E-5 
1.1366180991516822E-4 0.03125342740914299 0.9623382743417931 0.006284150724044114 1.0485715104747863E-5 
1.136618099151682E-4 0.031253427409142984 0.962338274341793 0.006284150724044113 1.048571510474786E-5 
1.136618099151682E-4 0.031253427409142984 0.962338274341793 0.006284150724044113 1.048571510474786E-5 
1.1366180991516818E-4 0.031253427409142984 0.962338274341793 0.0062841507240441125 1.048571510474786E-5 
1.136618099151682E-4 0.031253427409142984 0.962338274341793 0.006284150724044113 1.0485715104747861E-5 
1.1366180991516818E-4 0.03125342740914298 0.962338274341793 0.0062841507240441125 1.048571510474786E-5 
1.136618099151682E-4 0.03125342740914298 0.962338274341793 0.0062841507240441125 1.048571510474786E-5 
1.1366180991516821E-4 0.03125342740914298 0.962338274341793 0.0062841507240441125 1.0485715104747861E-5 
1.136618099151682E-4 0.03125342740914297 0.962338274341793 0.006284150724044112 1.048571510474786E-5 
1.136618099151682E-4 0.03125342740914297 0.962338274341793 0.006284150724044112 1.048571510474786E-5 
1.136618099151682E-4 0.03125342740914297 0.9623382743417929 0.006284150724044111 1.048571510474786E-5 
1.136618099151682E-4 0.03125342740914298 0.962338274341793 0.0062841507240441125 1.0485715104747861E-5 
1.1366180991516818E-4 0.03125342740914297 0.9623382743417929 0.006284150724044112 1.0485715104747861E-5 
1.1366180991516818E-4 0.03125342740914297 0.9623382743417929 0.006284150724044112 1.048571510474786E-5 
1.1366180991516818E-4 0.03125342740914297 0.962338274341793 0.006284150724044112 1.048571510474786E-5 
1.1366180991516818E-4 0.03125342740914298 0.962338274341793 0.006284150724044112 1.0485715104747861E-5 
1.136618099151682E-4 0.03125342740914298 0.9623382743417932 0.006284150724044113 1.0485715104747861E-5 
1.1366180991516816E-4 0.03125342740914296 0.9623382743417929 0.006284150724044111 1.0485715104747858E-5 
1.1366180991516818E-4 0.03125342740914297 0.962338274341793 0.006284150724044111 1.0485715104747858E-5 
1.1366180991516817E-4 0.03125342740914297 0.9623382743417931 0.006284150724044112 1.0485715104747858E-5 
1.1366180991516817E-4 0.03125342740914297 0.962338274341793 0.00628415072404411 1.0485715104747856E-5 
1.1366180991516817E-4 0.03125342740914296 0.962338274341793 0.006284150724044111 1.0485715104747856E-5 
1.1366180991516817E-4 0.03125342740914296 0.962338274341793 0.00628415072404411 1.0485715104747856E-5 
1.1366180991516816E-4 0.03125342740914296 0.962338274341793 0.00628415072404411 1.0485715104747856E-5 
1.1366180991516816E-4 0.031253427409142956 0.962338274341793 0.00628415072404411 1.0485715104747858E-5 
1.1366180991516816E-4 0.031253427409142956 0.9623382743417929 0.006284150724044109 1.0485715104747856E-5 
1.1366180991516818E-4 0.03125342740914296 0.9623382743417931 0.006284150724044111 1.048571510474786E-5 
1.1366180991516818E-4 0.03125342740914296 0.9623382743417931 0.006284150724044112 1.048571510474786E-5 
1.1366180991516817E-4 0.03125342740914296 0.962338274341793 0.006284150724044111 1.0485715104747858E-5 
1.1366180991516817E-4 0.03125342740914296 0.962338274341793 0.006284150724044111 1.0485715104747858E-5 
1.1366180991516817E-4 0.03125342740914296 0.962338274341793 0.00628415072404411 1.0485715104747858E-5 
1.136618099151682E-4 0.03125342740914296 0.9623382743417931 0.006284150724044111 1.048571510474786E-5 
1.1366180991516818E-4 0.03125342740914296 0.9623382743417931 0.006284150724044111 1.048571510474786E-5 
1.1366180991516817E-4 0.03125342740914296 0.962338274341793 0.00628415072404411 1.048571510474786E-5 
1.1366180991516817E-4 0.031253427409142956 0.962338274341793 0.00628415072404411 1.0485715104747858E-5 
1.136618099151682E-4 0.03125342740914296 0.962338274341793 0.006284150724044111 1.048571510474786E-5 
1.1366180991516818E-4 0.031253427409142956 0.9623382743417929 0.00628415072404411 1.0485715104747858E-5 
1.136618099151682E-4 0.03125342740914296 0.9623382743417931 0.006284150724044111 1.048571510474786E-5 
1.136618099151682E-4 0.03125342740914296 0.9623382743417931 0.006284150724044111 1.0485715104747858E-5 
1.1366180991516817E-4 0.031253427409142956 0.962338274341793 0.006284150724044111 1.0485715104747856E-5 
1.1366180991516817E-4 0.031253427409142956 0.962338274341793 0.00628415072404411 1.0485715104747856E-5 
1.1366180991516818E-4 0.031253427409142956 0.9623382743417931 0.006284150724044111 1.0485715104747856E-5 
1.1366180991516816E-4 0.031253427409142956 0.962338274341793 0.00628415072404411 1.0485715104747855E-5 
1.1366180991516816E-4 0.031253427409142956 0.9623382743417931 0.00628415072404411 1.0485715104747855E-5 
1.1366180991516814E-4 0.03125342740914295 0.962338274341793 0.006284150724044109 1.0485715104747855E-5 
1.1366180991516816E-4 0.031253427409142956 0.9623382743417931 0.006284150724044109 1.0485715104747855E-5 
1.1366180991516814E-4 0.03125342740914295 0.962338274341793 0.006284150724044108 1.0485715104747855E-5 
1.1366180991516814E-4 0.03125342740914295 0.962338274341793 0.006284150724044108 1.0485715104747855E-5 
1.1366180991516813E-4 0.03125342740914295 0.962338274341793 0.006284150724044108 1.0485715104747855E-5 
1.136618099151681E-4 0.03125342740914294 0.962338274341793 0.006284150724044107 1.0485715104747853E-5 
1.1366180991516812E-4 0.03125342740914294 0.962338274341793 0.006284150724044107 1.0485715104747855E-5 
1.1366180991516814E-4 0.03125342740914295 0.9623382743417931 0.006284150724044109 1.0485715104747856E-5 
1.1366180991516813E-4 0.03125342740914295 0.962338274341793 0.006284150724044109 1.0485715104747855E-5 
1.1366180991516813E-4 0.03125342740914295 0.9623382743417931 0.006284150724044109 1.0485715104747855E-5 
1.1366180991516813E-4 0.03125342740914295 0.9623382743417931 0.006284150724044108 1.0485715104747855E-5 
1.1366180991516812E-4 0.03125342740914295 0.9623382743417931 0.006284150724044108 1.0485715104747855E-5 
1.1366180991516813E-4 0.031253427409142956 0.9623382743417932 0.00628415072404411 1.0485715104747856E-5 
1.136618099151681E-4 0.03125342740914295 0.962338274341793 0.006284150724044108 1.0485715104747853E-5 
1.136618099151681E-4 0.03125342740914295 0.9623382743417929 0.006284150724044107 1.0485715104747855E-5 
1.136618099151681E-4 0.031253427409142956 0.962338274341793 0.006284150724044107 1.0485715104747855E-5 
1.1366180991516813E-4 0.03125342740914296 0.9623382743417931 0.006284150724044108 1.0485715104747856E-5 
1.1366180991516814E-4 0.03125342740914296 0.9623382743417932 0.006284150724044109 1.0485715104747858E-5 
1.1366180991516813E-4 0.031253427409142956 0.9623382743417931 0.006284150724044107 1.0485715104747856E-5 
1.1366180991516813E-4 0.031253427409142956 0.962338274341793 0.006284150724044106 1.0485715104747855E-5 
1.1366180991516813E-4 0.031253427409142956 0.9623382743417931 0.006284150724044107 1.0485715104747856E-5 
1.1366180991516813E-4 0.031253427409142956 0.962338274341793 0.006284150724044106 1.0485715104747853E-5 
1.1366180991516812E-4 0.031253427409142956 0.9623382743417931 0.006284150724044106 1.0485715104747853E-5 
1.136618099151681E-4 0.031253427409142956 0.962338274341793 0.006284150724044106 1.0485715104747853E-5 
1.1366180991516809E-4 0.031253427409142956 0.9623382743417929 0.0062841507240441056 1.0485715104747851E-5 
1.1366180991516812E-4 0.031253427409142956 0.962338274341793 0.006284150724044106 1.0485715104747853E-5 
1.1366180991516812E-4 0.031253427409142956 0.962338274341793 0.006284150724044106 1.0485715104747851E-5 
1.1366180991516812E-4 0.03125342740914295 0.962338274341793 0.006284150724044106 1.0485715104747851E-5 
1.136618099151681E-4 0.03125342740914295 0.9623382743417929 0.0062841507240441056 1.0485715104747851E-5 
1.1366180991516812E-4 0.031253427409142956 0.9623382743417932 0.006284150724044106 1.0485715104747853E-5 
3.888586658028563E-9 1.0692391836058484E-6 0.9999987115207473 2.149927462953184E-7 3.587362535106853E-10 
3.888586658028563E-9 1.0692391836058482E-6 0.999998711520747 2.1499274629531836E-7 3.5873625351068525E-10 
